OTU ID	S48	S45	S29	S24	S20	S19	S17	S11	S50	S22	S53	S31	S3	S43	S47	S6	S1	S32	S36	S30	S10	S35	S14	S27	S38	S34	S46	S9	S33	S2	S42	S21	S23	S16	S4	S18	S41	S8	S37	S25	S44	S28	S15	S39	S5	S52	S49	S40	S26	S51	S12	S7	S13	PCRCtrl
4fe49fe5c1015cb0a948e5b8a085d860	615	1087	2817	1256	1688	2560	361	996	3978	453	556	778	5220	434	486	1480	3234	2868	638	2555	732	2690	1013	2468	396	1668	269	951	901	2009	1531	1988	1910	1604	1345	1638	726	4553	250	3607	321	969	748	825	640	505	1179	1186	1122	1611	773	2187	606	0
592d5efeb0a3464332b2cfc17efd4c2a	7622	0	217	0	2	0	136	0	3527	15	0	52	6960	0	0	6086	9097	145	19	92	7	0	71	0	0	0	0	48	0	4454	0	0	81	19	2125	67	0	7119	0	10	0	9	8	0	8541	1201	3542	0	2	6008	105	5125	26	0
bf155aa205fb8ec2b4a6d1edafbbfd1c	2441	1455	231	511	47	47	1768	3204	49	2	2253	39	72	2052	1112	0	17	631	106	271	0	223	3165	102	180	201	680	2801	687	36	15	1441	35	2829	191	1261	4809	0	76	20	1837	0	0	41	17	87	1042	166	378	101	3318	0	1979	0
94ca1389331a3a9230237844cfd545f6	0	0	368	398	222	0	0	0	11	56	0	365	70	0	320	1645	329	196	0	177	3248	0	0	267	892	94	0	0	0	548	23	0	40	0	38	213	0	1155	254	560	148	899	2767	1281	7	7	102	0	670	55	370	5730	103	0
7d452c3b0607078cc0e3a227cdf33b08	0	0	0	0	3	0	0	0	0	0	0	0	3555	0	0	1516	3382	0	0	0	0	0	0	0	0	0	0	0	0	2637	0	0	0	0	274	0	0	3984	0	0	0	0	0	0	2812	0	0	0	3	0	0	1589	0	0
8992381f7d3d5af45d162e2f4b38d01b	2232	475	0	1463	165	0	0	0	0	0	576	176	489	154	376	0	0	1510	878	0	0	0	0	0	433	298	1718	0	228	0	44	1064	0	0	213	53	739	0	212	305	917	3	0	348	0	163	150	201	757	0	0	22	11	0
909755d7142ea53c7f61c97c3586f26c	171	79	74	1401	615	0	17	46	0	2	223	1557	1842	101	64	77	41	508	145	24	181	103	83	122	14	147	56	97	274	145	64	212	161	11	2414	0	90	372	64	105	35	62	13	108	0	38	81	600	955	67	13	135	145	0
5b57784f4200c571f743fc0ae9b2a8f4	1028	172	0	259	1151	0	580	0	17	0	21	1959	0	0	0	142	0	744	210	0	739	0	410	51	19	452	98	198	64	1349	0	0	0	0	504	354	71	0	0	1051	2	45	0	0	0	0	212	32	41	41	75	19	573	0
9079bfebcce01d4b5c758067b1208c31	188	4	0	48	560	0	130	77	0	2858	67	0	477	31	274	1	2	0	358	12	23	1375	482	32	83	368	689	74	98	0	10	51	0	11	55	11	246	17	98	38	95	978	31	38	0	7	18	84	1017	42	155	33	188	0
c3d9608c9ea001108c947c63206a8bd0	235	0	0	0	0	0	0	0	1738	0	0	0	204	0	0	265	716	0	0	0	0	0	0	0	0	0	0	0	0	700	0	0	0	0	1338	0	0	310	0	0	0	0	0	0	948	74	674	0	0	243	0	1442	0	0
40cebed2a2a6465700df2d1713a40126	119	142	0	0	0	0	0	33	0	0	0	0	1140	28	173	678	580	79	11	0	0	52	0	60	26	94	11	119	251	1013	1	0	108	145	26	62	396	1200	14	5	20	25	18	52	0	0	0	46	0	0	0	183	0	0
5747992ec8974831558f048e9924dad4	1439	0	0	0	0	0	0	0	612	0	0	0	0	0	0	237	78	217	0	0	0	0	0	0	0	0	0	0	0	0	0	0	0	0	0	0	0	0	0	0	0	0	0	0	530	314	1462	0	0	1808	0	196	0	0
0310f41e594c49368dde5c5993a7a5d0	0	0	282	59	94	39	230	28	0	125	0	75	0	2	39	16	946	370	1	315	3	25	15	233	2	0	27	77	187	29	3	22	963	507	0	358	25	112	23	56	152	47	40	0	0	0	0	11	271	159	0	7	33	0
302b193a5b38db4ca6ede3be8b53a2d7	14	0	0	0	0	0	0	0	53	2	0	0	189	0	0	158	438	0	0	0	0	0	0	0	2	0	0	0	0	2711	0	0	0	0	402	0	0	53	0	0	0	0	0	0	602	6	33	0	0	14	0	793	0	0
0f2a155a57fe6d0bf34767080706b3e1	9	13	41	70	31	0	0	0	2	9	111	19	13	10	808	373	42	57	5	200	65	15	98	57	123	101	75	26	1	61	208	5	3	54	19	32	46	1839	224	25	46	37	110	13	56	5	68	50	15	43	19	0	10	0
e0e8bc0380af7150fde15a2628758843	0	0	898	855	11	27	292	4	0	17	0	11	10	0	0	4	957	404	0	751	17	0	7	26	0	0	0	0	0	2	0	26	348	5	72	142	0	62	0	3	0	0	3	0	98	0	0	0	8	0	2	0	38	0
f9661b31af9bae475453b8806d0d3c7d	1825	5	0	0	0	0	0	0	340	5	0	0	6	1	0	8	20	0	0	0	0	0	0	7	0	0	0	0	18	0	0	3	209	0	30	0	7	9	0	0	0	0	0	1	4	453	978	0	0	242	0	6	2	0
1e79c99ee01b747ac38b8288f163386c	50	15	127	0	0	0	6	5	0	0	207	0	0	24	2	14	309	153	0	129	0	0	0	218	9	30	0	0	432	3	0	7	0	167	0	77	33	1718	2	0	0	19	49	0	9	0	21	105	24	80	0	12	0	0
3f157dc6113e037ad1f06cabb79ae120	30	160	50	0	22	0	74	0	0	10	503	11	0	130	105	0	309	0	116	76	0	168	0	0	26	77	134	0	590	0	54	0	0	134	0	0	284	0	22	0	85	0	0	33	0	17	183	88	1	0	0	0	1	0
1b75626f6834620dc2c729a1a81f497a	7	1	0	0	3	0	26	0	3	0	40	5	587	17	14	0	3	0	45	7	5	239	3	1280	30	21	37	0	53	2	60	0	2	0	27	0	11	8	92	225	8	0	9	123	0	5	32	44	0	15	0	0	0	0
3d7e8f9d52d4dfc1fdbbd05e3a36c8a4	262	208	0	0	0	0	0	0	0	0	129	0	0	31	36	0	195	0	80	0	0	73	0	0	174	12	12	0	1241	0	33	0	0	0	0	0	67	0	31	0	49	0	0	18	0	13	151	16	0	193	0	0	0	0
8b111e12f8f73205bac732c7479a97e8	0	0	0	0	0	601	6	0	0	0	0	0	0	0	0	0	0	0	91	0	0	0	55	0	116	269	264	29	0	0	54	0	0	0	68	0	265	0	0	0	38	884	0	0	0	114	0	0	13	0	0	0	111	0
e5c80b4a23b96b2fa35b6da6cac2bf73	306	0	0	0	0	0	0	0	1685	0	0	0	0	0	2	0	0	0	0	0	0	0	0	0	0	0	0	0	13	0	0	0	0	0	0	0	0	0	0	0	0	0	0	0	0	91	357	4	0	354	0	0	0	0
c62f25fdbaee572d968f023a38531c1e	0	127	130	0	0	0	34	0	0	0	17	0	10	51	135	117	0	0	72	47	0	91	0	0	170	18	1	0	104	0	280	0	54	32	125	0	0	0	106	0	20	0	67	52	0	0	34	88	116	198	0	202	0	0
66bba55a43e01d9f807137c1bfc100c4	0	6	0	0	0	0	0	0	2	0	0	0	0	0	85	0	0	0	11	0	0	30	0	0	37	0	199	0	0	0	1178	0	0	0	0	0	0	0	0	0	46	0	0	0	0	0	0	794	0	14	0	0	0	0
c3686b49fa8a2106e2b1874116223fdf	0	0	21	31	2	0	0	0	0	6	0	30	0	0	10	76	36	0	0	12	0	0	0	24	143	0	0	0	0	0	1	0	3	0	0	0	0	1189	0	0	0	38	0	0	1	0	48	348	7	4	50	284	0	0
be8e715722c0b6882524b555f37dd64f	23	33	0	0	0	0	5	0	0	0	34	0	102	21	92	389	138	0	35	0	0	49	0	0	9	32	43	0	29	676	3	0	0	0	0	0	59	62	27	0	0	0	0	27	301	18	27	1	0	49	0	64	0	0
e09bbf67ced1b7aa4898687f47d50ecd	1370	0	0	0	0	0	31	29	35	0	0	0	59	0	0	94	8	23	0	11	0	0	0	0	16	0	8	0	0	0	0	0	0	18	0	0	0	0	0	0	5	0	0	7	0	30	70	0	32	313	4	0	25	0
4715ca5231af58b3a42cec36c0085e96	0	0	0	0	0	0	0	0	0	0	0	0	0	0	222	0	0	0	2	2	0	0	0	0	264	147	0	0	4	0	0	0	0	0	0	0	0	304	58	0	16	0	0	848	0	0	0	289	0	0	0	0	0	0
e7f156fa2e77c12fe86deb729ca14fe4	152	0	0	0	0	0	0	0	824	5	0	0	4	0	0	4	128	0	0	0	0	0	0	0	0	0	0	0	67	8	0	0	0	2	74	0	4	0	0	0	0	0	0	0	4	228	341	0	0	221	0	14	0	0
4323a6a9adf7618a8cedb04007bbc15f	0	0	0	0	0	0	0	0	0	0	0	0	320	0	0	228	150	0	0	0	0	0	0	0	0	0	0	0	0	377	0	0	0	0	55	0	0	349	0	0	0	0	0	0	236	0	0	0	0	0	0	140	0	0
3253177a44672689e4e154e842d63e35	17	33	0	0	0	0	17	17	0	0	58	0	8	26	21	0	139	0	28	0	19	40	0	0	53	19	7	0	72	3	5	0	140	48	1	7	14	129	356	0	0	0	0	100	0	0	5	64	0	36	0	0	0	0
3f121bc0e1cf21278f6c4a7ca88a1477	12	0	0	0	0	0	0	0	74	0	0	0	287	0	0	187	129	0	0	0	0	0	0	2	0	3	0	0	0	103	0	0	0	0	41	0	0	272	0	0	2	0	0	0	111	2	30	0	0	146	0	51	0	0
e0f1938338e6f9b8cf8408e672ee6cd1	0	2	2	18	3	0	8	6	0	5	141	0	0	21	15	30	416	56	0	103	3	46	2	0	2	7	10	0	359	2	2	0	0	10	0	4	39	32	18	0	0	2	3	36	0	0	0	13	0	20	0	0	0	0
91fd1191505a1aeeedab14adfd1c778e	55	45	0	0	0	0	1	0	0	0	337	0	0	27	5	0	11	0	0	0	0	54	5	227	0	34	0	0	130	130	0	0	0	122	0	0	0	0	45	0	2	0	0	8	0	0	41	29	0	68	0	0	0	0
4075a90811bf9c19f02f5aa2ece6da37	0	0	0	0	0	0	0	0	0	0	433	2	0	42	0	251	0	64	0	0	0	0	64	0	28	0	56	2	0	80	0	0	0	1	0	0	0	0	0	0	0	0	170	0	2	0	0	0	2	0	0	0	138	0
76d2032108822bcfaa90a4873f7a51aa	4	9	199	8	2	0	2	4	2	0	7	19	4	0	136	264	21	30	0	156	1	2	5	20	47	5	0	71	68	3	0	0	0	13	11	6	10	20	23	15	17	2	0	5	0	0	2	8	27	24	10	6	8	0
3d494b102f5218318d1de619eb7491b8	0	0	0	0	2	0	0	0	0	0	0	0	57	0	0	56	322	0	0	0	0	0	0	0	0	0	0	0	0	62	0	0	0	0	64	0	0	18	0	0	0	0	0	0	341	0	0	0	0	0	0	344	0	0
231e9e39b60db070a60fbe9a7228f8e0	0	0	0	0	0	0	0	4	0	0	343	0	0	0	0	0	0	0	0	0	0	0	0	0	0	0	0	0	209	0	0	0	0	516	0	0	0	0	0	0	0	0	0	189	0	0	0	0	0	0	0	0	0	0
87d8519d8ae60edb306ba84988bb34c3	30	0	0	0	0	0	0	0	302	0	0	0	25	0	0	28	101	0	0	0	0	0	0	0	0	0	0	0	0	101	0	0	0	0	139	0	0	21	0	0	0	0	0	0	168	27	88	0	0	30	0	187	0	0
955d8fcbb35e8bc04c8df0c6aae34d34	113	0	0	0	0	0	0	0	305	0	0	0	0	0	0	0	0	0	0	0	0	0	0	0	0	0	0	0	0	0	2	0	0	0	0	0	0	0	7	0	2	0	0	0	0	76	405	0	0	294	0	0	0	0
58518d17dd0a3d16d67d4725baa5f565	0	167	0	0	0	0	0	0	0	0	222	0	0	50	6	0	0	0	25	0	0	30	0	0	2	189	1	0	25	0	12	1	0	0	0	0	166	0	16	0	12	0	0	0	0	55	84	12	0	92	0	0	0	0
7f4909ae8d31a3995fa2c200c690a21f	0	0	0	0	0	3	0	0	2	0	0	0	0	0	2	0	0	0	0	0	0	2	0	0	0	0	10	0	0	0	0	0	0	0	0	0	0	0	0	0	0	0	0	0	977	0	0	0	0	0	0	0	0	0
d7a1d73008080062a024f483d8557502	0	0	0	0	0	0	0	0	0	0	0	0	0	0	226	0	0	0	0	0	0	0	0	0	57	0	0	0	0	0	288	0	0	0	0	0	0	0	361	0	0	0	0	0	0	0	0	0	0	0	0	0	0	0
271ef157f6d986b61087c876992bd677	44	5	2	0	2	0	0	0	18	0	53	0	0	19	27	0	0	0	13	14	2	270	0	0	19	14	9	0	46	2	36	0	0	3	0	0	19	0	28	0	0	0	0	13	0	22	22	24	57	59	0	0	0	0
1b963d0d7457ac133aed9497f03b5a64	60	0	0	0	0	0	0	0	450	0	0	0	0	0	0	6	9	0	0	0	0	0	0	0	0	0	0	0	0	0	0	0	0	0	29	0	0	0	0	0	0	0	0	0	0	38	138	0	0	76	0	0	0	0
84ced895b032388119820d8d11eea087	0	0	0	0	0	0	0	0	0	0	0	0	0	26	0	0	0	0	11	0	0	0	0	0	0	5	4	0	168	0	1	0	0	0	0	0	269	0	21	0	0	0	0	0	0	38	184	11	0	0	0	0	0	0
13692c41b4bf5d577c28c278caafcddb	0	0	0	0	0	93	5	0	0	481	0	0	0	0	0	0	0	0	0	0	0	0	0	0	0	0	0	0	16	0	0	83	0	0	0	0	0	0	0	0	0	0	0	0	0	0	0	38	0	0	0	0	0	0
25076ed340320be3af10a823904fb436	40	0	0	0	0	0	0	0	384	0	0	0	1	0	0	0	44	0	0	0	0	0	0	0	0	0	0	0	0	0	0	0	0	0	0	0	0	3	0	0	0	0	0	0	17	12	101	0	0	32	0	18	0	0
6f384c926424d43c215fbe9337d55324	0	0	0	0	0	0	0	0	0	0	0	0	22	0	0	65	139	0	0	0	0	0	0	0	0	2	0	0	2	101	0	0	0	0	43	0	0	6	0	0	0	0	0	0	93	0	0	0	0	0	0	157	0	0
4702bcec88c67c7b84f01cc6759b8081	6	0	39	33	14	0	6	14	0	17	0	0	20	7	0	22	40	0	0	12	3	0	2	59	0	0	0	73	0	38	0	2	0	38	2	49	2	8	0	28	0	0	33	0	0	0	0	0	13	9	2	3	25	0
ce210ea25c6248440cf80c2316490738	274	0	0	0	0	0	0	0	0	0	9	0	0	0	9	0	0	0	0	0	0	0	0	0	29	0	15	0	181	0	5	0	0	0	0	0	4	0	0	0	0	0	0	0	0	0	0	21	34	0	0	0	0	0
4672ea4f639a562525ca497b39a9f976	0	5	85	2	2	0	0	3	0	0	2	13	0	0	40	159	8	9	0	64	0	0	0	8	17	3	0	17	40	4	0	0	0	7	1	3	7	2	3	8	8	0	3	1	0	0	4	5	13	7	1	0	16	0
bc3fcb2b5f5f53acd72beef5c8099a3b	0	0	17	67	8	0	0	0	0	0	0	6	4	0	0	126	9	4	0	105	0	0	0	8	0	0	0	0	0	23	0	6	0	4	5	21	0	0	0	3	0	8	91	0	0	0	0	0	52	1	0	0	0	0
3a9390c50e550e884fbaae75365b21eb	0	0	0	0	0	0	0	0	0	0	0	0	0	0	0	0	0	0	134	0	0	0	0	0	37	0	0	0	0	0	0	0	0	0	0	0	0	0	0	0	78	93	0	165	0	0	0	0	0	0	0	0	0	0
b60e63291c39aef0ead6347be2aa3be9	2	13	0	0	0	0	4	5	0	0	15	0	0	5	7	0	44	0	7	0	15	8	0	0	21	7	4	0	22	0	2	0	60	21	0	2	5	49	128	0	0	0	0	32	0	0	7	10	0	10	0	0	0	0
4069e5a4a2f0d8d687a4c9d8e4b7ad6c	3	0	0	0	0	0	0	0	40	0	0	0	3	0	0	33	7	0	0	0	0	0	0	0	0	0	0	0	0	256	0	0	0	0	7	0	0	20	0	0	0	0	0	0	68	35	14	0	0	17	0	0	0	0
919919ab8cc8abc63e77b3f3c78bd1e9	0	0	174	0	0	0	0	3	0	0	0	17	0	0	0	0	0	0	0	0	0	0	0	0	0	0	0	0	0	0	0	0	0	236	0	0	0	0	0	0	0	25	0	0	0	0	0	0	0	0	0	0	0	0
ddabebce14259b11d2fcdd6853592e5f	0	0	2	0	0	0	0	5	0	0	0	0	22	0	0	17	42	0	0	0	0	0	0	0	0	0	0	0	0	54	0	0	0	2	55	0	0	55	0	0	0	0	0	0	45	0	0	0	0	0	0	109	0	0
22ed70e219c67c2bf4e20e0b144b12bb	0	140	0	0	0	0	0	0	0	0	0	0	0	0	0	0	0	0	0	167	0	0	0	77	0	0	0	0	0	0	0	0	0	0	0	0	0	0	17	0	0	0	0	0	0	6	0	0	0	0	0	0	0	0
8317ce9878d9aaf83342e8a3acca3dbe	3	0	0	0	0	0	0	0	4	0	0	0	0	0	0	0	2	0	0	0	0	0	0	0	0	0	0	0	0	0	0	0	0	0	0	0	0	0	0	0	0	0	0	0	384	3	0	0	0	3	0	0	0	0
68b0db3b983c6d942130eea0ccb0e121	0	0	6	0	0	0	0	0	0	3	0	0	0	0	0	0	254	0	0	97	5	0	0	3	0	0	0	0	3	0	0	0	2	12	0	0	0	14	0	0	0	0	0	0	0	0	0	0	0	0	0	0	0	0
2d67c6fafb8d193716759edfcb0dde30	23	0	0	0	0	0	14	2	0	9	10	0	0	1	0	0	0	0	2	60	2	8	0	0	2	3	0	0	0	0	0	0	12	0	0	0	27	0	193	0	2	0	0	6	0	3	1	0	0	0	0	0	0	0
d05179df30e3fd67aa7731ed64f89576	0	0	82	0	0	3	0	0	2	27	0	0	0	0	0	0	60	3	0	14	0	0	0	75	0	0	0	0	0	0	0	2	85	12	0	0	0	6	0	0	0	0	3	0	0	0	0	0	0	0	0	0	0	0
7d590a298965708bd3b0fc4ace4c409b	0	0	0	0	0	0	0	0	0	0	3	0	0	8	0	0	0	0	8	0	0	0	0	0	0	0	7	0	327	0	0	0	0	0	0	0	0	0	5	0	2	0	0	5	0	0	0	4	0	0	0	0	0	369
ad187b163f072a7443ee3a88f9bb5666	31	2	9	2	0	0	0	9	0	0	10	0	0	4	12	0	30	1	5	19	5	11	0	0	3	13	27	3	25	0	36	0	3	3	0	6	9	21	3	0	0	0	0	1	0	0	6	3	0	5	0	0	0	317
62bf37c50994a06e6c8c93355ad1caa0	0	0	0	0	0	0	0	0	0	0	0	0	0	0	39	0	0	0	0	0	0	12	0	0	0	243	0	0	0	0	7	0	0	0	0	0	2	0	0	0	0	0	0	0	0	0	0	10	0	0	0	0	0	313
0e40a32103afad27d9711630e78465e1	0	0	0	0	0	0	0	0	0	0	0	0	0	0	0	0	269	0	0	0	0	0	0	0	0	0	0	0	37	0	4	0	0	0	0	0	0	0	0	0	0	0	0	0	0	0	0	0	0	0	0	0	0	310
a887ec2090ed746cdb5a5ae42a186a98	0	0	0	0	231	0	0	0	0	0	0	73	0	0	0	0	0	0	0	0	0	0	0	0	0	0	0	0	0	0	0	0	0	0	0	0	0	0	0	0	0	0	0	0	0	0	0	0	0	0	0	0	0	304
8287755612e53b78da1760414a495799	20	7	0	0	0	0	0	0	2	0	0	0	0	7	20	0	0	0	0	0	0	0	0	0	10	8	35	0	43	0	0	0	0	0	0	0	54	0	36	0	0	0	0	11	0	0	1	3	0	25	0	0	0	282
f87def81983cb036ea2e84616fab0609	21	0	0	0	0	0	0	0	140	0	0	0	1	0	2	0	18	0	0	0	0	1	0	0	0	0	0	0	0	0	2	0	0	2	0	0	0	0	0	0	2	0	0	1	1	5	41	0	0	9	0	10	0	256
ec385e5e763986d52633a7e1bc2df912	29	0	0	0	0	0	0	0	68	0	0	0	5	0	0	11	7	0	0	0	0	0	0	0	0	0	0	0	0	9	0	0	0	0	0	0	0	0	0	0	0	0	0	0	5	9	79	0	0	26	0	6	0	254
a57111a956a7c95f2f4348968dfb5a45	0	0	0	0	0	0	0	0	0	0	0	0	0	0	0	0	0	0	0	101	0	0	3	0	0	0	0	0	0	0	0	0	150	0	0	0	0	0	0	0	0	0	0	0	0	0	0	0	0	0	0	0	0	254
81357f5a5c364c7c0ec26a32c271c6a1	2	2	0	0	0	0	0	0	0	0	3	0	17	3	9	42	22	0	2	0	0	4	0	0	3	1	5	0	5	53	0	0	0	0	0	0	11	5	9	0	4	0	0	1	28	4	0	3	0	14	0	0	0	252
79e9e337b10e2d298bb1b3bde946782d	0	0	0	0	0	0	0	0	0	0	0	0	0	0	0	0	0	0	0	0	0	0	0	0	0	0	0	0	0	0	0	0	0	0	0	0	0	0	0	0	0	0	0	0	0	0	0	238	0	0	0	0	0	238
45f73e1340277ac9658b26da925310ad	0	0	0	0	0	0	0	2	4	0	0	0	1	0	0	5	0	0	0	0	2	2	0	0	0	0	0	0	0	1	0	0	0	0	0	0	0	0	0	0	0	0	0	0	195	0	18	0	0	3	0	0	0	233
38b8c8550489d7bd6f1ee86984d6aea9	0	0	0	0	0	0	0	0	0	1	0	2	0	0	0	0	0	0	0	0	27	0	0	0	7	26	0	0	0	0	23	0	68	0	0	0	0	0	0	0	22	0	0	6	0	0	0	0	0	0	0	0	48	230
c7c47ba64eb5af44dfcbf76949e8acaf	59	0	0	0	0	0	0	0	0	0	115	0	0	10	28	0	0	0	0	0	0	0	0	0	7	4	0	0	0	0	0	0	0	0	0	0	0	0	0	0	5	0	0	0	0	0	0	0	0	0	0	0	0	228
1770969efe03213473359b20f61d35ae	0	0	0	0	0	0	0	0	0	0	71	0	0	6	0	29	0	8	0	0	0	0	5	0	2	0	1	0	0	19	0	0	0	0	0	0	0	0	0	0	0	0	33	0	0	0	0	0	0	0	0	0	35	209
3fde646d5b5870e0c36c302be426634d	0	0	0	0	0	0	0	0	0	0	0	0	0	0	0	0	0	0	0	207	0	0	0	0	0	0	0	0	0	0	0	0	0	0	0	0	0	0	0	0	0	0	0	0	0	0	0	0	0	0	0	0	0	207
149bd003afc4f4dcb1ce23429c8918fb	0	0	0	0	0	0	0	0	0	0	32	0	0	7	76	0	0	0	9	0	0	0	0	0	13	2	0	0	0	0	16	0	0	0	0	0	8	0	2	0	0	0	0	0	0	0	0	19	0	0	0	0	0	184
92e79ed7ceb1f8a9e5d1e86035b0cae3	0	0	0	0	0	0	0	40	0	0	0	0	0	0	0	0	0	39	0	0	0	0	0	0	0	0	0	31	0	0	0	0	0	0	0	0	0	0	0	0	0	0	3	1	0	0	0	0	69	0	0	0	0	183
9394c227882ce6ff3494a3808f0294ce	0	0	21	0	0	0	0	2	0	3	0	0	2	0	0	2	37	0	0	15	0	2	0	35	0	0	0	0	4	3	0	0	28	11	0	0	0	7	0	0	0	0	0	0	0	0	0	0	0	0	0	0	0	172
979b542036f976daa94ad4503bb196ae	0	0	8	0	0	0	0	3	0	2	0	0	0	0	0	0	35	0	0	43	0	0	0	0	0	0	0	0	0	0	0	0	53	14	0	0	0	9	0	0	0	0	0	0	0	0	0	0	0	0	0	0	0	167
f8fe4ee0ae3da9a1432872f5545a0d42	0	0	0	0	0	0	0	0	0	0	0	0	0	0	0	0	0	0	0	0	0	0	0	0	0	0	0	0	0	0	0	0	0	0	0	0	0	0	0	0	0	0	0	0	163	0	0	0	0	0	0	0	0	163
b898df767c7074ad35ff6acce86ce848	0	5	0	0	0	0	0	0	0	0	49	0	0	3	17	0	0	0	0	0	0	8	0	0	2	4	18	0	26	0	0	0	0	0	0	0	3	0	3	0	0	0	0	2	0	0	15	5	0	0	0	0	0	160
44a889feef907ffb122804a6177a02a0	0	0	1	0	6	16	0	0	0	0	0	0	0	0	0	0	2	0	0	3	0	0	0	102	0	0	0	0	0	2	0	0	23	1	0	0	0	0	0	0	0	0	0	0	0	0	0	0	0	0	0	0	0	156
c1a2a8184070ca928ed76947f2083b4c	0	0	43	0	0	0	0	0	0	0	2	0	0	3	0	0	0	0	0	99	0	0	0	0	0	0	0	0	4	0	0	0	0	0	0	0	0	0	4	0	0	0	0	0	0	0	0	0	0	0	0	0	0	155
d239ec6ff45cff0214e54fec42731d27	24	16	0	0	0	0	0	0	0	0	1	0	0	7	17	0	0	0	7	0	0	0	0	0	13	13	7	0	7	0	0	0	0	0	0	0	9	0	5	0	3	0	0	9	0	1	4	9	0	1	0	0	0	153
381059685b59f4d99e68b3fab9c26c14	0	0	0	0	0	0	0	0	0	0	0	0	0	0	0	0	0	0	0	0	0	0	0	0	0	0	0	0	0	0	0	0	0	0	0	0	0	0	0	0	0	0	0	0	148	0	0	0	0	0	0	0	0	148
5423ef803850a519dd3a59044d047810	0	0	18	0	0	2	0	0	0	3	0	0	0	0	0	0	32	0	0	18	0	2	0	43	0	0	0	0	0	0	0	0	5	5	0	0	0	10	0	0	0	0	2	0	0	0	0	0	2	0	0	0	0	142
e6dfd15b38618c3c7ff0a025083f56d4	0	9	0	5	0	0	0	0	0	0	5	2	0	0	1	0	0	0	0	0	0	18	0	18	0	0	1	0	0	3	0	0	17	0	0	0	0	0	1	0	54	0	0	0	0	0	0	0	0	0	0	0	0	134
d7ba3489a833a068745fd61c724e47f9	0	0	0	0	90	0	0	0	0	0	0	0	0	0	0	0	0	0	0	0	0	22	0	0	0	0	0	0	0	0	0	0	0	0	0	0	0	0	0	0	0	0	0	0	0	0	0	0	13	0	7	0	0	132
282f60c2e755dd1ae13c41b2a5781570	0	0	0	0	0	0	0	0	0	0	0	0	0	0	0	0	0	0	3	0	0	0	0	0	0	0	0	0	0	0	0	0	0	0	0	0	0	0	0	0	105	0	0	0	0	0	0	24	0	0	0	0	0	132
27aabad23d65f34b05066db55832b9ad	0	0	0	0	0	0	0	0	0	0	0	0	0	0	0	0	0	0	0	0	0	0	0	0	0	118	0	0	1	0	0	0	0	0	0	0	0	0	2	0	0	0	0	0	0	0	0	0	0	0	0	0	0	121
c205811ffbe5417d766640f40c9bcea5	2	3	4	0	0	0	0	0	0	0	0	0	0	0	0	0	0	2	4	30	0	12	0	9	0	0	0	0	0	0	0	0	35	2	0	2	0	0	3	0	0	0	2	3	0	2	0	0	0	0	0	0	0	115
9c7c840d5fb8507be3331da7d9dcb324	0	0	0	0	0	0	0	0	0	0	5	0	0	2	0	0	31	0	0	0	0	0	0	12	0	0	0	2	32	0	0	0	12	0	0	2	0	8	0	0	2	0	0	0	0	0	0	3	0	0	0	0	0	111
575f200ca7a1f708e2467e8fea7c4457	23	0	0	0	0	0	0	0	38	0	0	0	0	0	0	0	0	0	0	0	0	0	0	0	0	0	0	0	0	0	0	0	0	0	0	0	0	0	0	0	0	0	0	0	0	14	21	0	0	5	0	0	0	101
aeaad4019ec5975e2993cc940448374b	1	0	0	0	0	0	0	0	59	0	0	0	0	0	0	1	0	0	0	0	0	0	0	0	0	0	0	0	0	1	0	0	0	0	0	0	0	0	0	0	0	0	0	0	1	2	7	0	0	5	0	0	0	77
6730fac58228759a3325d5019bed159e	0	0	0	77	0	0	0	0	0	0	0	0	0	0	0	0	0	0	0	0	0	0	0	0	0	0	0	0	0	0	0	0	0	0	0	0	0	0	0	0	0	0	0	0	0	0	0	0	0	0	0	0	0	77
cd12adac2d2587d1ce2f0dfe8fcd69ad	0	0	0	0	0	0	0	0	0	0	0	0	0	0	0	0	0	0	0	0	0	0	0	0	0	0	0	0	0	0	0	0	0	0	0	0	0	0	0	0	0	0	0	0	73	0	0	0	0	0	0	0	0	73
a187fb84899db8e2fab94d8c1f481634	0	0	0	0	0	0	0	0	0	0	0	0	0	0	0	0	0	0	0	0	0	0	0	0	0	0	0	0	0	0	0	0	0	0	0	0	0	0	0	0	0	0	0	0	69	0	0	0	0	0	0	0	0	69
89ab3534c83ed6ea6e1f0c3b6c78be45	0	0	0	0	0	0	0	0	0	0	0	0	0	0	0	0	0	0	0	0	0	0	0	0	0	0	0	0	55	0	0	0	0	0	0	0	0	0	0	0	0	0	0	0	0	0	0	12	0	0	0	0	0	67
0bea73d43e28c31ff2c306c88e3b2393	0	0	0	0	0	0	0	0	0	66	0	0	0	0	0	0	0	0	0	0	0	0	0	0	0	0	0	0	0	0	0	0	0	0	0	0	0	0	0	0	0	0	0	0	0	0	0	0	0	0	0	0	0	66
a0556fe2daec24774a52f3eb2ce640ff	0	0	0	0	0	0	0	0	0	0	0	0	0	0	0	0	0	0	0	0	0	0	0	0	0	0	0	0	0	0	0	0	0	0	0	0	0	61	0	0	0	0	0	0	0	0	0	0	0	0	0	0	0	61
4d3a11e940588e87916c3aa725d29303	0	0	0	0	0	0	0	0	0	0	0	0	0	0	0	0	0	0	0	0	0	0	0	0	60	0	0	0	0	0	0	0	0	0	0	0	0	0	0	0	0	0	0	0	0	0	0	0	0	0	0	0	0	60
731d13016c942253e8b43368853c515a	0	0	4	0	0	0	0	0	0	9	0	0	0	0	0	0	29	0	0	7	3	0	0	3	0	0	0	0	0	0	0	0	0	2	0	0	0	0	0	0	0	0	0	0	0	0	0	0	0	0	0	0	0	57
5d463cb6faa1d38d2e9c6d55d8ea7d19	0	0	0	0	1	0	0	0	0	0	0	0	0	0	3	28	2	5	0	2	0	0	0	0	2	1	0	0	1	2	0	0	0	0	0	0	0	0	1	0	0	0	0	0	0	0	0	0	4	4	1	0	0	57
8b34fbe69bcff243071e4aa2a295f3cd	0	0	0	0	0	0	0	0	0	0	0	0	0	0	0	0	0	0	0	0	0	0	0	0	0	0	0	0	38	0	0	0	0	0	0	0	0	0	0	0	0	0	0	0	0	0	19	0	0	0	0	0	0	57
3f862d754610babb3b4be6468d04531e	0	0	0	0	0	0	0	0	0	0	0	0	0	0	0	0	0	0	0	0	0	0	0	0	0	0	0	0	53	0	0	0	0	0	0	0	0	0	0	0	0	0	0	0	0	0	0	3	0	0	0	0	0	56
fa55459c9bb78420c454b31ace9ec803	0	0	0	0	0	0	0	3	0	2	0	0	0	0	0	0	3	0	0	0	0	0	0	33	0	0	0	0	0	0	0	0	0	3	0	0	0	8	0	0	0	0	0	0	0	0	0	0	0	0	0	0	0	52
291633231a0cb02f28fc3bb5df4e08f4	0	1	0	7	0	0	0	0	0	0	0	0	0	0	0	0	0	0	0	0	0	0	0	41	0	0	0	0	0	0	0	0	0	0	0	0	0	0	0	0	0	0	0	0	0	0	0	0	0	0	0	0	0	49
0cd4dcb7c9fe4438be5b6ab7a0254d6e	0	0	0	0	0	0	0	0	0	0	14	0	0	0	0	0	0	0	0	0	0	0	0	0	4	0	30	0	0	0	0	0	0	0	0	0	0	0	0	1	0	0	0	0	0	0	0	0	0	0	0	0	0	49
e9874f030a186cfe8250a17e594841dd	0	0	0	0	0	0	0	0	0	0	0	0	0	0	0	0	0	0	0	0	0	0	0	0	0	0	0	0	0	0	0	0	0	0	0	0	0	0	0	2	0	0	0	0	47	0	0	0	0	0	0	0	0	49
24aed77255e739ecb08358cdfb5459a1	0	0	0	0	0	0	0	0	0	0	0	0	0	0	0	0	0	0	0	0	0	0	0	0	0	0	0	0	0	0	0	0	0	0	0	0	0	0	0	0	0	0	0	0	45	0	0	0	0	0	0	0	0	45
6013a4618dd16c1f100b084d722a817d	0	0	0	0	0	0	0	0	0	0	0	0	0	0	0	0	0	0	21	0	0	5	0	0	0	4	0	0	0	0	0	0	0	0	0	0	6	0	7	0	0	0	0	0	0	0	0	1	0	0	0	0	0	44
740457c4438b205cf26555d660d1f9e3	0	0	0	0	0	0	0	0	0	0	0	0	0	0	0	0	7	0	0	34	0	0	0	1	0	0	0	0	0	0	0	0	0	0	0	0	0	0	0	0	0	0	0	0	0	0	0	0	0	0	0	0	0	42
290cc464d3b907686a315eff0f4f0d80	0	0	0	0	0	0	0	0	0	0	0	0	0	0	0	0	1	0	0	0	0	0	0	0	0	0	0	0	0	0	0	0	39	0	0	0	0	0	0	0	0	0	0	0	0	0	0	0	0	0	0	0	0	40
58d5baccbae0097c40e4f988e5e2524a	0	0	0	0	0	0	0	0	0	0	0	0	0	0	0	0	0	0	0	0	0	0	0	0	0	0	0	0	0	0	39	0	0	0	0	0	0	0	0	0	0	0	0	0	0	0	0	0	0	0	0	0	0	39
f4862428616783e72ffe658030acfeb0	0	0	0	0	0	0	0	0	0	0	0	0	0	0	0	0	0	0	0	0	0	0	0	0	5	0	0	0	0	0	0	0	33	0	0	0	0	0	0	0	0	0	0	0	0	0	0	0	0	0	0	0	0	38
2cec2792e54f61e12e1a0b2507826118	0	0	6	0	0	0	0	0	0	0	0	0	0	0	0	0	0	0	0	0	0	0	0	30	0	0	0	0	0	0	0	0	0	0	0	0	0	0	0	0	0	0	0	0	0	0	0	0	0	0	0	0	0	36
e2b61d8f5da27ccbf3857d5b29db167e	0	0	0	0	0	0	0	0	0	0	0	0	0	0	0	0	0	0	0	0	0	0	0	0	0	0	0	0	0	0	0	0	0	0	0	0	0	0	0	0	0	0	0	0	35	0	0	0	0	0	0	0	0	35
77d9c29d034f8bcaf55a9591d8cc3247	0	0	0	0	0	0	0	0	3	0	0	0	0	0	0	0	0	0	0	0	0	0	0	0	29	0	0	0	0	0	0	0	0	0	0	0	0	0	0	0	0	0	0	0	0	0	0	0	0	0	0	0	0	32
57ec65d8a32790cbbef4b3ca152ab448	0	0	0	0	0	0	0	0	21	0	0	0	0	0	0	0	0	0	0	0	0	0	0	0	0	0	0	0	0	0	0	0	0	0	0	0	0	0	0	0	0	0	0	0	0	0	5	0	0	2	0	2	0	30
02047d2e2da6d0e73846b63774619e77	0	0	0	0	0	0	0	0	6	0	0	0	0	0	0	0	0	0	0	0	0	0	0	0	0	0	0	0	0	0	0	0	0	0	0	0	0	0	0	0	0	0	0	0	23	0	0	0	0	0	0	0	0	29
2e202c4e4e803dbc6d54c9e3117afedd	0	0	0	0	0	0	0	0	0	0	0	0	0	0	0	0	0	0	0	0	0	0	0	0	0	0	0	0	0	0	0	0	0	0	0	0	0	0	0	0	0	0	0	0	29	0	0	0	0	0	0	0	0	29
7a6e2f8ddf723db09f8f3a6c414d808e	0	0	0	0	0	0	0	0	0	0	0	0	0	0	0	0	0	0	0	0	0	0	0	0	0	0	0	0	0	0	0	0	0	0	0	0	0	0	0	0	0	0	0	0	28	0	0	0	0	0	0	0	0	28
230363069727610f8f1546cb314f2d1a	0	0	0	0	0	0	0	0	0	0	0	0	0	0	0	0	0	0	0	0	0	0	0	0	0	0	0	0	0	0	0	0	0	0	0	0	0	0	0	0	0	0	0	0	27	0	0	0	0	0	0	0	0	27
324ba4ccba152c82ee287b21597147e6	0	0	3	0	0	0	0	0	0	0	0	1	0	0	0	0	0	1	0	1	0	0	0	0	0	1	0	2	1	0	0	0	2	1	0	0	0	0	0	3	1	0	0	0	0	0	0	0	3	1	0	2	3	26
841e54f5c589e9210fda6ce7f2de4f9b	0	0	0	0	0	0	0	0	0	0	0	0	0	0	0	0	0	0	0	0	0	0	0	0	26	0	0	0	0	0	0	0	0	0	0	0	0	0	0	0	0	0	0	0	0	0	0	0	0	0	0	0	0	26
147f2c2c24c7e1b1c371d42a36816214	0	0	0	0	0	0	0	0	0	0	0	0	0	0	0	0	0	0	0	0	0	0	0	0	0	0	0	0	0	0	0	0	0	3	0	0	0	20	0	0	0	0	0	0	0	0	3	0	0	0	0	0	0	26
265b3906c979e85ab69f8fa414a10646	0	0	0	0	0	0	0	0	0	0	0	0	0	0	0	0	0	0	0	0	0	0	0	0	0	0	0	0	0	0	0	0	0	0	0	0	0	0	0	0	0	0	0	0	26	0	0	0	0	0	0	0	0	26
cb2fe0146e2fbcb101050edb996a0ee2	0	0	0	0	0	0	0	0	0	0	0	0	0	0	0	0	0	0	0	0	0	0	0	0	0	0	0	0	0	0	0	0	0	0	0	0	0	0	0	0	0	0	0	0	26	0	0	0	0	0	0	0	0	26
40de8c69a82549d2b758ffaba9153b67	0	0	0	0	0	0	0	0	0	0	0	0	0	0	0	0	0	0	0	0	0	0	0	0	0	0	1	0	24	0	0	0	0	0	0	0	0	0	0	0	0	0	0	0	0	0	0	0	0	0	0	0	0	25
5e0b59dcb8c198daff35ad62d6850d4a	0	0	0	0	0	0	0	0	0	0	0	0	0	0	0	0	0	0	0	0	0	0	0	0	0	0	0	0	0	0	0	0	0	0	0	0	0	0	0	0	0	0	0	0	0	0	0	0	25	0	0	0	0	25
c4aad64f84f51ff331b986a67af4ed3d	0	0	0	0	0	0	0	0	0	0	0	0	0	0	0	0	0	0	0	0	0	0	0	0	0	0	0	0	0	0	0	0	0	0	0	0	0	0	0	0	1	0	0	0	2	0	0	0	0	0	0	0	21	24
e75a9142542348247ae7922dfe3e793b	0	0	0	0	0	0	0	0	0	0	0	0	0	0	0	0	0	0	0	0	0	0	0	0	0	0	0	0	0	0	0	0	0	0	0	0	0	0	0	0	0	0	0	0	24	0	0	0	0	0	0	0	0	24
626b8ee112be0ec208bb16445611d001	0	0	0	0	0	0	0	2	0	0	0	0	4	0	2	0	0	0	0	0	0	2	2	0	0	0	0	0	0	3	3	0	0	0	0	0	0	0	2	0	0	0	0	0	3	0	0	0	0	0	0	0	0	23
9e21fc015ebf7780447909a003f165cc	0	0	0	0	0	0	0	0	0	0	0	0	0	0	0	0	0	0	0	0	0	0	0	0	0	0	0	0	0	0	0	0	0	0	0	0	0	0	0	0	0	0	0	0	23	0	0	0	0	0	0	0	0	23
60c256b1cd975ad21a948afa3949cb0a	0	0	0	0	0	0	0	0	0	0	0	0	0	0	0	0	0	0	0	0	0	2	2	0	0	0	0	0	0	0	0	0	0	13	0	3	0	0	0	0	0	0	0	0	0	0	0	0	0	0	2	0	0	22
837557581509b660ea33038450e3d29f	0	0	0	0	0	0	0	0	0	0	1	0	0	0	6	0	0	0	0	1	0	0	0	0	0	0	0	0	0	0	0	0	0	0	0	0	0	0	0	0	0	0	4	0	0	0	0	9	0	0	0	0	0	21
5b84a986e88b03272cd408e92b0a8d7a	0	0	0	0	0	0	0	0	0	0	0	0	0	0	0	0	0	0	0	0	0	0	0	0	0	0	2	0	5	0	0	0	0	0	0	0	3	0	11	0	0	0	0	0	0	0	0	0	0	0	0	0	0	21
3841f50f2a5ce1682b596b6b15198ed7	0	0	0	0	0	0	0	0	0	0	0	0	0	0	0	0	0	0	0	0	0	0	0	0	0	0	0	0	0	0	0	0	0	0	0	0	0	0	0	0	0	0	0	0	20	0	0	0	0	0	0	0	0	20
d29fe3c70564fc0f69f2c03e0d1e5561	0	0	0	0	0	0	0	0	0	0	2	0	0	0	2	0	0	0	2	0	0	0	0	0	3	2	0	0	4	0	0	0	0	0	0	0	0	0	2	0	0	0	0	0	0	0	0	2	0	0	0	0	0	19
9207b4a491c59fe3f94b03b95406ecd2	0	0	0	0	0	0	0	0	0	0	0	0	0	0	0	0	0	0	0	0	0	0	0	0	0	0	0	0	0	0	0	0	0	0	0	0	0	0	0	0	0	0	0	0	19	0	0	0	0	0	0	0	0	19
9d62151c753b2bbfafe56f29a2921b48	0	0	0	0	0	0	0	0	0	0	0	0	0	0	0	0	0	0	0	0	0	0	0	0	0	0	0	0	0	0	0	0	0	0	0	0	0	0	0	0	0	0	0	0	0	0	0	0	0	0	0	0	19	19
219dd67eb927202fe1d5c7df0fb23eb8	2	0	0	0	15	0	0	0	0	0	0	0	0	0	0	0	0	0	0	0	0	0	0	0	0	0	0	0	0	0	0	0	0	0	0	0	0	0	0	0	0	0	0	0	0	0	0	0	0	0	0	0	0	17
7f179660f8d82ea9ccce2b38f3e06fed	0	0	0	0	0	1	0	0	0	1	0	0	0	0	0	1	0	0	0	0	0	0	3	0	0	0	0	0	0	0	0	0	0	0	4	3	0	0	0	0	0	0	0	0	0	0	0	0	0	0	0	0	3	16
dab7be63fbd4afbdec244d9513def407	0	0	0	0	0	0	0	0	0	0	0	0	0	0	0	0	0	0	0	0	0	0	0	0	0	0	0	0	0	0	0	0	16	0	0	0	0	0	0	0	0	0	0	0	0	0	0	0	0	0	0	0	0	16
028ecb2ed02be346c5f0347a9a3fba2a	0	0	0	0	0	0	0	0	0	0	0	0	0	0	0	0	0	0	0	0	0	0	0	0	0	0	0	0	0	0	0	0	0	0	0	0	0	0	0	0	0	16	0	0	0	0	0	0	0	0	0	0	0	16
2230d53210a34c847b1512792bfb36d7	0	0	0	0	0	0	0	0	0	0	0	0	0	0	0	0	0	0	0	0	0	0	0	0	0	0	0	0	0	0	0	0	0	0	0	0	0	0	0	0	0	0	0	0	15	0	0	0	0	0	0	0	0	15
55cfb69730da8a08ce18ea16320de18f	0	0	0	0	0	0	0	0	0	0	0	0	0	0	0	0	0	0	0	0	0	0	0	0	0	0	0	0	0	0	0	0	0	0	0	0	0	0	0	0	0	0	0	0	15	0	0	0	0	0	0	0	0	15
8084e2e1269c7f8049db0d8047cc07fb	0	0	0	0	0	0	0	0	0	0	0	0	0	0	0	0	0	0	0	0	0	0	0	0	0	0	0	0	2	0	0	0	0	0	0	0	0	0	0	0	0	0	0	0	0	0	0	12	0	0	0	0	0	14
d9bfdfa3f884c7408c0ac2bcaca217dc	0	0	0	0	0	0	0	0	0	0	0	0	0	0	0	0	0	0	0	0	0	0	0	0	0	0	0	0	0	0	0	0	0	0	0	0	0	0	0	0	0	0	0	0	14	0	0	0	0	0	0	0	0	14
20eeb45918a53374d7130cf81ec5cafb	0	0	0	0	0	0	0	0	0	0	0	0	0	0	0	0	0	0	0	0	0	0	0	0	0	0	0	0	0	0	0	0	0	0	0	0	0	0	0	0	0	0	0	0	14	0	0	0	0	0	0	0	0	14
990c83d3b721c2fb03319551d808fc28	0	0	0	0	0	0	0	0	4	0	0	0	0	0	0	0	0	0	0	0	0	0	0	0	0	0	0	0	0	0	0	0	0	0	0	0	0	0	0	0	0	0	0	0	0	0	6	0	0	3	0	0	0	13
ae1036cc5e0dc7f5f81d209b8d5059ff	0	0	0	0	0	0	0	0	0	0	13	0	0	0	0	0	0	0	0	0	0	0	0	0	0	0	0	0	0	0	0	0	0	0	0	0	0	0	0	0	0	0	0	0	0	0	0	0	0	0	0	0	0	13
dcbbd7824c46376eef4aa666f9b1cb84	0	0	0	0	0	0	0	0	0	0	0	0	0	0	0	0	0	0	0	0	0	0	0	0	0	0	0	0	10	0	0	0	0	0	0	0	0	0	0	0	0	0	0	0	0	3	0	0	0	0	0	0	0	13
c5eb56458ac1f1a8a47ed09bbcc8d412	0	0	0	0	0	0	0	0	0	0	0	0	0	0	0	0	0	0	0	0	0	0	0	0	0	0	0	0	0	0	0	0	0	0	0	0	0	0	0	0	0	0	0	0	13	0	0	0	0	0	0	0	0	13
dd8711cb1c26fef91d962cb467c99937	1	0	0	0	0	0	0	1	0	0	0	0	0	0	0	0	3	0	1	0	1	0	0	0	0	0	1	0	0	0	3	0	0	0	0	0	0	1	0	0	0	0	0	0	0	0	0	0	0	0	0	0	0	12
d1c7ee5172f16dda522e46aaa4e5fa79	0	0	10	0	0	0	0	0	0	0	0	0	0	0	0	0	0	0	0	0	0	0	0	2	0	0	0	0	0	0	0	0	0	0	0	0	0	0	0	0	0	0	0	0	0	0	0	0	0	0	0	0	0	12
b25647dd4f0493a4eb9102787087f8aa	0	0	0	0	0	0	0	0	0	0	0	0	0	0	0	0	0	0	0	0	0	2	0	0	0	0	0	0	0	0	0	0	0	0	0	0	0	0	10	0	0	0	0	0	0	0	0	0	0	0	0	0	0	12
2418b685aed86b93edc3b4e38e364cf9	0	0	3	0	0	0	0	0	0	0	0	0	0	0	0	0	0	0	0	0	0	0	0	8	0	0	0	0	0	0	0	0	0	0	0	0	0	0	0	0	0	0	0	0	0	0	0	0	0	0	0	0	0	11
ced894c384894c8385fb76cd93587cd8	0	0	1	0	0	0	0	0	0	0	0	0	0	0	0	0	0	0	0	10	0	0	0	0	0	0	0	0	0	0	0	0	0	0	0	0	0	0	0	0	0	0	0	0	0	0	0	0	0	0	0	0	0	11
706474a6b274b5ff04d37469e1826ba2	0	0	0	0	0	0	0	0	0	0	0	0	0	0	0	0	3	0	0	0	0	0	0	8	0	0	0	0	0	0	0	0	0	0	0	0	0	0	0	0	0	0	0	0	0	0	0	0	0	0	0	0	0	11
ca2f9d03673242b72fe5570b5a31af1f	0	0	0	0	0	0	0	0	0	0	0	0	0	0	0	0	0	0	0	11	0	0	0	0	0	0	0	0	0	0	0	0	0	0	0	0	0	0	0	0	0	0	0	0	0	0	0	0	0	0	0	0	0	11
370e04a275647dab1c80e27735b87f8c	8	0	0	0	0	0	0	0	0	0	0	0	0	0	0	0	0	2	0	0	0	0	0	0	0	0	0	0	0	0	0	0	0	0	0	0	0	0	0	0	0	0	0	0	0	0	0	0	0	0	0	0	0	10
66b9a67b334973b19c2a7460a5a7d10c	2	0	0	0	0	0	0	0	0	0	0	0	0	0	3	2	0	0	0	0	0	0	0	2	0	0	0	0	0	0	0	0	0	0	0	0	0	1	0	0	0	0	0	0	0	0	0	0	0	0	0	0	0	10
54161c45a45d41daf38ad6a04f78aabc	0	0	0	0	0	0	0	0	0	0	0	0	0	0	0	0	0	0	0	0	0	0	0	0	0	0	0	0	0	0	0	0	0	0	0	0	0	0	0	0	0	0	0	0	10	0	0	0	0	0	0	0	0	10